0 0.23904839469985759 0.8475200044684732 0
1 0.37725516632869144 0.19530567876833274 0
2 0.7045523255240327 1.0439532369698836 0
3 0.8192997304354924 0.3594765144077546 0
4 0.44550875656622546 0.37915807044448185 0
0 0.6873217887400206 0.472632812591486 0
0 0.6262409909034224 0.8304758099006821 0
0 0.3761937591775474 0.7315966322687788 0
0 0.44550875656622546 0.37915807044448185 0
0 0.6873217887400206 0.472632812591486 0
0 0.6262409909034224 0.8304758099006821 0
0 0.3761937591775474 0.7315966322687788 0
