0 0.17366495726907039 0.8479594346560316 0
1 0.36501661388145956 0.10119471229102003 0
2 0.7106034823491031 1.1253387648891484 0
3 0.8328312997306538 0.39352264449680574 0
4 0.4392696167537669 0.32958039858921295 0
0 0.7000053986960181 0.48741912672268795 0
0 0.630619638144438 0.8759609188510374 0
0 0.3485884500556558 0.72669397790792 0
0 0.4392696167537669 0.32958039858921295 0
0 0.7000053986960181 0.48741912672268795 0
0 0.630619638144438 0.8759609188510374 0
0 0.3485884500556558 0.72669397790792 0
