0 0.0689821078657942 0.8584227927864398 0
1 0.3437879568499532 -0.03079319103444206 0
2 0.7372668067751501 1.2786760597891642 0
3 0.864516730357786 0.41568847992764546 0
4 0.42674971735575307 0.25573153925144854 0
0 0.7231330019303557 0.4970801050939619 0
0 0.6447383896426562 0.9551394244678897 0
0 0.30499210725223636 0.7262289606574823 0
0 0.42674971735575307 0.25573153925144854 0
0 0.7231330019303557 0.4970801050939619 0
0 0.6447383896426562 0.9551394244678897 0
0 0.30499210725223636 0.7262289606574823 0
