0 0.09356395961205059 0.8972814680109288 0
1 0.3331870880630757 0.03676888098037196 0
2 0.758398896564075 1.233356489304252 0
3 0.892656902129948 0.35709946656171854 0
4 0.41991910116658504 0.29031644677559515 0
0 0.7340963749831947 0.4669981458054872 0
0 0.654794584808723 0.9272729094577081 0
0 0.3085914188408143 0.751133211607226 0
0 0.41991910116658504 0.29031644677559515 0
0 0.7340963749831947 0.4669981458054872 0
0 0.654794584808723 0.9272729094577081 0
0 0.3085914188408143 0.751133211607226 0
