0 -0.013412228874977294 0.9755622144362645 0
1 0.2945842086189103 -0.01500768240696658 0
2 0.836993166842807 1.3822148410839532 0
3 0.9750759648186079 0.2965647342632336 0
4 0.39472813861589034 0.2535659515753983 0
0 0.780772357863261 0.4332244990458467 0
0 0.6918193296114369 0.9908816624008783 0
0 0.2547814269195537 0.7904027946719526 0
0 0.39472813861589034 0.2535659515753983 0
0 0.780772357863261 0.4332244990458467 0
0 0.6918193296114369 0.9908816624008783 0
0 0.2547814269195537 0.7904027946719526 0
