0 0.18989664676053675 0.9519809618995833 0
1 0.346081819840589 0.14992052401144107 0
2 0.7691746986045565 1.1668704264969845 0
3 0.896357362004234 0.22794416981680726 0
4 0.42511608308243753 0.34795101202748724 0
0 0.7250627273783465 0.4063090072591518 0
0 0.656625176197261 0.8831785460111814 0
0 0.3463807884832008 0.7908901481648445 0
0 0.42511608308243753 0.34795101202748724 0
0 0.7250627273783465 0.4063090072591518 0
0 0.656625176197261 0.8831785460111814 0
0 0.3463807884832008 0.7908901481648445 0
