0 0.1953739378345342 1.0258129128116507 0
1 0.34295543278247853 0.15481189877102722 0
2 0.8007232702417458 1.225276572137591 0
3 0.9200141882805717 0.11280055056271805 0
4 0.421207829549894 0.3462184786430349 0
0 0.7336157812167444 0.35086327009656726 0
0 0.6687136273341213 0.9020060537664376 0
0 0.3462024292766411 0.8349944780266583 0
0 0.421207829549894 0.3462184786430349 0
0 0.7336157812167444 0.35086327009656726 0
0 0.6687136273341213 0.9020060537664376 0
0 0.3462024292766411 0.8349944780266583 0
