0 0.16765627459046759 0.828519698607488 0
1 0.3750791430287371 0.05943062828365669 0
2 0.6943510579073227 1.150009203590515 0
3 0.8113948728524326 0.42623311708386524 0
4 0.4454507188460118 0.30880747886837895 0
0 0.6908090663308021 0.5039139538971361 0
0 0.6225296003290308 0.8916075235681514 0
0 0.35013428311213346 0.7137810215102217 0
0 0.4454507188460118 0.30880747886837895 0
0 0.6908090663308021 0.5039139538971361 0
0 0.6225296003290308 0.8916075235681514 0
0 0.35013428311213346 0.7137810215102217 0
