0 0.20978522468031544 0.8924801917992998 0
1 0.35997180187802696 0.16672894821558087 0
2 0.73455860403881 1.1029088584335809 0
3 0.8578666555833583 0.30662940769136926 0
4 0.43467731716532815 0.36093839006646433 0
0 0.7068458121905278 0.44560097938794796 0
0 0.6409151148145509 0.8571477046972374 0
0 0.3592834690386272 0.7566963357550059 0
0 0.43467731716532815 0.36093839006646433 0
0 0.7068458121905278 0.44560097938794796 0
0 0.6409151148145509 0.8571477046972374 0
0 0.3592834690386272 0.7566963357550059 0
