0 0.07014108214670821 1.1011651946583125 0
1 0.3005380142195858 0.09069572674891703 0
2 0.8853146961096585 1.3700571638169752 0
3 1.010956107502661 0.08322099730152573 0
4 0.3943415645766992 0.3057215284382853 0
0 0.7871972794857499 0.32889687530309997 0
0 0.707657732638388 0.9637564121052307 0
0 0.282606832441194 0.8703617368315739 0
0 0.3943415645766992 0.3057215284382853 0
0 0.7871972794857499 0.32889687530309997 0
0 0.707657732638388 0.9637564121052307 0
0 0.282606832441194 0.8703617368315739 0
