0 -0.09039686807791279 0.8877754198490249 0
1 0.30296688745638983 -0.12464436584761643 0
2 0.8119135641570085 1.4763068324180904 0
3 0.9391179756905702 0.4127796749228277 0
4 0.40060007698149086 0.19442994442598263 0
0 0.7696483118844332 0.4941295049696609 0
0 0.6809046641909319 1.0451746594196372 0
0 0.23516128011133342 0.7365315490874589 0
0 0.40060007698149086 0.19442994442598263 0
0 0.7696483118844332 0.4941295049696609 0
0 0.6809046641909319 1.0451746594196372 0
0 0.23516128011133342 0.7365315490874589 0
