0 0.20188186571495825 0.8538281888580427 0
1 0.36722343420126674 0.14906707424349036 0
2 0.7127965834267177 1.0871827107440897 0
3 0.8339581483012476 0.36977898076159976 0
4 0.44008814214480213 0.3544798676345768 0
0 0.6976944620069315 0.47639293804348154 0
0 0.6311394569459944 0.8540790929332485 0
0 0.3592914534584423 0.7326586871646269 0
0 0.44008814214480213 0.3544798676345768 0
0 0.6976944620069315 0.47639293804348154 0
0 0.6311394569459944 0.8540790929332485 0
0 0.3592914534584423 0.7326586871646269 0
