0 -0.13158478714814958 1.1220243561953618 0
1 0.257021139031078 -0.0028372532642917747 0
2 0.9774889803845739 1.5690252454377878 0
3 1.0821591745742938 0.1691193879318658 0
4 0.36641915631887917 0.24706276635875313 0
0 0.8396186567369005 0.3632566938118114 0
0 0.749111256885948 1.0499798331135937 0
0 0.19264739186928287 0.8663930278774649 0
0 0.36641915631887917 0.24706276635875313 0
0 0.8396186567369005 0.3632566938118114 0
0 0.749111256885948 1.0499798331135937 0
0 0.19264739186928287 0.8663930278774649 0
