0 0.09715383389735974 0.9839011432759096 0
1 0.3162601645846366 0.07842020086501279 0
2 0.8113794473895866 1.2680843735379421 0
3 0.9498192433745924 0.2334319959393862 0
4 0.4073424087980207 0.306555788912342 0
0 0.7585796903575321 0.40480739637207364 0
0 0.6780840045438539 0.9325195799527024 0
0 0.3014109021243806 0.8033052331687459 0
0 0.4073424087980207 0.306555788912342 0
0 0.7585796903575321 0.40480739637207364 0
0 0.6780840045438539 0.9325195799527024 0
0 0.3014109021243806 0.8033052331687459 0
