0 0.14967063313852827 0.9060414071634054 0
1 0.3419060888962361 0.10616025783645583 0
2 0.7539063575820432 1.1690293622699248 0
3 0.8864482773345806 0.3183259192973034 0
4 0.4244527228357777 0.3275813680150618 0
0 0.7258148034930194 0.44907876664571733 0
0 0.6515470917990123 0.8917926908537355 0
0 0.3311457309686815 0.7605652570401926 0
0 0.4244527228357777 0.3275813680150618 0
0 0.7258148034930194 0.44907876664571733 0
0 0.6515470917990123 0.8917926908537355 0
0 0.3311457309686815 0.7605652570401926 0
