0 -0.3600771892504782 0.9039909615876465 0
1 0.25429980272553065 -0.16114917472135176 0
2 0.9707508227309309 1.793191355688681 0
3 1.047630421688832 0.4250057297754452 0
4 0.36493480148508584 0.15332819136245918 0
0 0.8388104540429893 0.49959417132490885 0
0 0.7477360257519133 1.1617263740487012 0
0 0.12319289949192938 0.7383176796969257 0
0 0.36493480148508584 0.15332819136245918 0
0 0.8388104540429893 0.49959417132490885 0
0 0.7477360257519133 1.1617263740487012 0
0 0.12319289949192938 0.7383176796969257 0
